0.6400813291426226 1.5025519535267369 1.2458664019075816 0.018790168209679825  1.0
0.6400813291426226 1.5025519535267369 1.2458664019075816 0.018790168209679825  0.0
1.9151123411761537 1.088142437382009 1.5712997219367604 0.40783049295380436  0.0
1.9151123411761537 1.088142437382009 1.5712997219367604 0.40783049295380436  0.0
1.2979538437833174 0.1871017435691349 1.8584938400928448 1.2444413327795363  1.0
1.2979538437833174 0.1871017435691349 1.8584938400928448 1.2444413327795363  0.0
1.1845086813844719 1.1495310537517565 0.8014007518160062 1.638283710382752  1.0
1.1845086813844719 1.1495310537517565 0.8014007518160062 1.638283710382752  0.0
1.688667028379308 1.523248198591843 0.9892080227606075 1.4515082077118857  0.0
1.688667028379308 1.523248198591843 0.9892080227606075 1.4515082077118857  0.0
0.9774250460734493 0.5204701820656303 0.9901847136702981 0.12247906176275869  1.0
0.9774250460734493 0.5204701820656303 0.9901847136702981 0.12247906176275869  0.0
0.869952286443618 1.9070895363295897 1.6487246530670299 1.6613901470694512  1.0
0.869952286443618 1.9070895363295897 1.6487246530670299 1.6613901470694512  1.0
0.5292816624807453 1.731598438380903 0.04242602598824696 1.642052815421589  1.0
0.5292816624807453 1.731598438380903 0.04242602598824696 1.642052815421589  1.0
1.9522496240640723 0.39079101648493 0.9542482915850197 1.875463925039869  0.0
1.9522496240640723 0.39079101648493 0.9542482915850197 1.875463925039869  0.0
1.4027673465384767 1.6719540912351154 0.6854915330880746 1.3745894092446218  0.0
1.4027673465384767 1.6719540912351154 0.6854915330880746 1.3745894092446218  0.0
0.9354558987640993 0.6163333554717625 1.5685457551682869 0.20612813384701312  1.0
0.9354558987640993 0.6163333554717625 1.5685457551682869 0.20612813384701312  0.0
1.72113314426517 1.3162413019516432 1.634060849655937 1.873848043126111  1.0
1.72113314426517 1.3162413019516432 1.634060849655937 1.873848043126111  0.0
0.012591701968547753 1.0882501402473923 0.5453917125203753 1.9894149447806204  1.0
0.012591701968547753 1.0882501402473923 0.5453917125203753 1.9894149447806204  0.0
1.2785609865076093 0.8574921540262785 0.13387516718142733 0.1604627511849963  1.0
1.2785609865076093 0.8574921540262785 0.13387516718142733 0.1604627511849963  0.0
0.2857000760111805 1.0431672046825293 1.6516990906721043 0.26198165376387816  0.0
0.2857000760111805 1.0431672046825293 1.6516990906721043 0.26198165376387816  0.0
0.7229200401538804 1.752936231775451 0.2048272147247825 1.5559287514192406  0.0
0.7229200401538804 1.752936231775451 0.2048272147247825 1.5559287514192406  0.0
1.339288843559593 1.6739560154972102 1.7366461391610484 1.4852948277593967  1.0
1.339288843559593 1.6739560154972102 1.7366461391610484 1.4852948277593967  0.0
0.5062235357964595 1.6908910954003904 1.4037039116103316 0.39268731167913096  1.0
0.5062235357964595 1.6908910954003904 1.4037039116103316 0.39268731167913096  0.0
1.6166295864814464 0.9663140461131972 0.218113347261774 0.8998193095204592  1.0
1.6166295864814464 0.9663140461131972 0.218113347261774 0.8998193095204592  0.0
1.7980978757981385 0.9864856957699193 1.4268954624631527 0.23312176572074583  0.0
1.7980978757981385 0.9864856957699193 1.4268954624631527 0.23312176572074583  0.0
0.04422539475447307 0.9055841705496772 1.2567424633918127 0.3920241966333957  0.0
0.04422539475447307 0.9055841705496772 1.2567424633918127 0.3920241966333957  0.0
0.05757714546634296 1.4140290180937298 0.3733823278753501 0.7302773205513726  0.0
0.05757714546634296 1.4140290180937298 0.3733823278753501 0.7302773205513726  0.0
1.8497603181360114 0.3116262196255932 0.6879298136642888 0.2570194679682831  1.0
1.8497603181360114 0.3116262196255932 0.6879298136642888 0.2570194679682831  0.0
0.45853556144553176 0.9838370855736056 0.9883131803689877 0.7631167374851195  1.0
0.45853556144553176 0.9838370855736056 0.9883131803689877 0.7631167374851195  0.0
0.018842447479437974 1.0595522100547832 0.2820669286714059 0.7396341962920894  0.0
0.018842447479437974 1.0595522100547832 0.2820669286714059 0.7396341962920894  0.0
0.8640696240275649 0.6713302992800516 1.7074863071222095 1.979124870847211  1.0
0.8640696240275649 0.6713302992800516 1.7074863071222095 1.979124870847211  0.0
0.3358537223260223 1.944138940040227 0.4033406903708656 1.7367501542719093  1.0
0.3358537223260223 1.944138940040227 0.4033406903708656 1.7367501542719093  0.0
0.5451432972512764 1.6062137834057992 1.8230466303524304 1.3770741318440485  1.0
0.5451432972512764 1.6062137834057992 1.8230466303524304 1.3770741318440485  0.0
0.45421840656073464 0.945729298040803 0.6374054270141409 1.5437025423839557  1.0
0.45421840656073464 0.945729298040803 0.6374054270141409 1.5437025423839557  1.0
1.338808266613197 1.729553382695904 0.5907110899451926 0.06276390624101325  0.0
1.338808266613197 1.729553382695904 0.5907110899451926 0.06276390624101325  0.0
1.9414034032663394 1.1554358442064023 0.45823995775022075 0.027560945601378783  1.0
1.9414034032663394 1.1554358442064023 0.45823995775022075 0.027560945601378783  0.0
0.44131195751073293 1.4265593106536478 0.5988349615539179 1.8105456804407025  1.0
0.44131195751073293 1.4265593106536478 0.5988349615539179 1.8105456804407025  0.0
0.743962037639919 0.11745817506757583 0.504500986663621 0.11010211326612396  1.0
0.743962037639919 0.11745817506757583 0.504500986663621 0.11010211326612396  0.0
0.5314058559780661 0.14289082547886145 0.21963127361386947 1.5634470387140296  1.0
0.5314058559780661 0.14289082547886145 0.21963127361386947 1.5634470387140296  0.0
0.017934672821255937 0.8463273478535016 1.535686935665052 1.9432881607562207  1.0
0.017934672821255937 0.8463273478535016 1.535686935665052 1.9432881607562207  0.0
1.419166025074539 0.4922934405995605 0.46285641803619315 0.5047070163337797  1.0
1.419166025074539 0.4922934405995605 0.46285641803619315 0.5047070163337797  0.0
1.7699180706192787 1.2768895157743763 0.6384230944528912 0.6600619214641652  0.0
1.7699180706192787 1.2768895157743763 0.6384230944528912 0.6600619214641652  0.0
1.9156395654798453 0.8633819126430606 0.05227362628703158 0.8335345557527329  0.0
1.9156395654798453 0.8633819126430606 0.05227362628703158 0.8335345557527329  0.0
0.2541162510383954 1.4048412310781535 0.7531819534464363 1.0832719897153438  0.0
0.2541162510383954 1.4048412310781535 0.7531819534464363 1.0832719897153438  0.0
1.1186281536965674 0.03338115445739409 1.0452076291350019 1.8779035191514297  0.0
1.1186281536965674 0.03338115445739409 1.0452076291350019 1.8779035191514297  0.0
0.5706852841315566 1.8756290291537323 0.09175000024043745 1.275540658357117  0.0
0.5706852841315566 1.8756290291537323 0.09175000024043745 1.275540658357117  1.0
0.8099220636876785 1.7966376454769424 1.8155024250917668 1.67719616841046  1.0
0.8099220636876785 1.7966376454769424 1.8155024250917668 1.67719616841046  0.0
0.4106845445644578 0.2795258846009625 0.5157547709760784 1.3128862038627462  0.0
0.4106845445644578 0.2795258846009625 0.5157547709760784 1.3128862038627462  0.0
1.1592968633319891 0.11571391917678064 0.7201949542883521 0.6675078356754525  0.0
1.1592968633319891 0.11571391917678064 0.7201949542883521 0.6675078356754525  0.0
1.3929469667258496 1.9106967800105485 0.4465633030674565 0.16491279718658625  1.0
1.3929469667258496 1.9106967800105485 0.4465633030674565 0.16491279718658625  0.0
0.430585133542718 1.8028784465899073 0.2702170945502571 0.6024251873079687  0.0
0.430585133542718 1.8028784465899073 0.2702170945502571 0.6024251873079687  1.0
0.9381805774486236 0.2480661720893107 0.37686558696363326 0.06438049159252746  1.0
0.9381805774486236 0.2480661720893107 0.37686558696363326 0.06438049159252746  0.0
1.8851362806006724 0.23980365954462868 0.1254384634896255 0.3420905212684091  0.0
1.8851362806006724 0.23980365954462868 0.1254384634896255 0.3420905212684091  1.0
0.1256141571010334 0.9157994319611082 1.5542549829491719 0.24896706067483132  0.0
0.1256141571010334 0.9157994319611082 1.5542549829491719 0.24896706067483132  0.0
1.577975969983352 0.14328429848582291 1.7343625774879756 0.6433651116717507  1.0
1.577975969983352 0.14328429848582291 1.7343625774879756 0.6433651116717507  0.0
1.4774992018045823 1.381211446610242 0.9071182320877555 0.4580353447873955  0.0
1.4774992018045823 1.381211446610242 0.9071182320877555 0.4580353447873955  0.0
1.2419788035844312 1.884788962647799 1.9387886278703417 0.5839028931728096  1.0
1.2419788035844312 1.884788962647799 1.9387886278703417 0.5839028931728096  0.0
1.11678099283446 1.1479142943848664 1.7831473402361906 1.0672174469669222  1.0
1.11678099283446 1.1479142943848664 1.7831473402361906 1.0672174469669222  0.0
0.9553658133084111 0.3716571815529317 1.3637520062896047 0.75294879532287  1.0
0.9553658133084111 0.3716571815529317 1.3637520062896047 0.75294879532287  0.0
0.24325096086021825 1.702016481172645 0.5707862771577685 1.2436292130486069  0.0
0.24325096086021825 1.702016481172645 0.5707862771577685 1.2436292130486069  0.0
0.7878398713942567 1.9977540958422413 1.913055109464973 0.841672319199799  1.0
0.7878398713942567 1.9977540958422413 1.913055109464973 0.841672319199799  1.0
1.3734929573674717 1.9691867677532822 1.7739246951564895 1.004526769193492  1.0
1.3734929573674717 1.9691867677532822 1.7739246951564895 1.004526769193492  1.0
1.1206711715980981 1.6713962734061558 0.19070198742706346 1.7658502343198141  0.0
1.1206711715980981 1.6713962734061558 0.19070198742706346 1.7658502343198141  0.0
1.289936380877536 1.5403945235971903 0.6101511175228007 1.5622182982063695  0.0
1.289936380877536 1.5403945235971903 0.6101511175228007 1.5622182982063695  0.0
1.8360454494551373 0.4283600782693733 0.1685483207100571 0.9537103143363679  0.0
1.8360454494551373 0.4283600782693733 0.1685483207100571 0.9537103143363679  1.0
1.1443274739047657 0.42413947370215266 0.7028783525553133 0.8380427831598869  1.0
1.1443274739047657 0.42413947370215266 0.7028783525553133 0.8380427831598869  0.0
1.0709874682798646 0.6377856264597377 0.9204803055445467 1.9317485739240037  1.0
1.0709874682798646 0.6377856264597377 0.9204803055445467 1.9317485739240037  0.0
0.6609328856579162 0.5829831164639581 0.9376531513154813 1.5282289742095483  0.0
0.6609328856579162 0.5829831164639581 0.9376531513154813 1.5282289742095483  0.0
0.7311720069910561 0.308788863902143 1.7434335897648379 1.8413328641258035  1.0
0.7311720069910561 0.308788863902143 1.7434335897648379 1.8413328641258035  0.0
1.8847866823148387 1.0121943662484698 0.052963475827312534 1.6044465604350087  1.0
1.8847866823148387 1.0121943662484698 0.052963475827312534 1.6044465604350087  0.0
0.4599352489496862 0.5055940704104733 1.4855662706179968 1.0189048564286043  1.0
0.4599352489496862 0.5055940704104733 1.4855662706179968 1.0189048564286043  0.0
0.4202939611036802 0.618322220201756 0.03585490414077652 1.6318624002609956  1.0
0.4202939611036802 0.618322220201756 0.03585490414077652 1.6318624002609956  0.0
0.25779885259970703 0.37899942912672335 1.401897350508149 1.2725933473504114  1.0
0.25779885259970703 0.37899942912672335 1.401897350508149 1.2725933473504114  0.0
0.6055033676069872 1.6555072132041961 1.8926690472326586 1.7875137177874552  1.0
0.6055033676069872 1.6555072132041961 1.8926690472326586 1.7875137177874552  0.0
0.4478190219545439 0.8219879803814734 1.3577234250669403 1.9880510777169618  1.0
0.4478190219545439 0.8219879803814734 1.3577234250669403 1.9880510777169618  0.0
1.567361091376596 0.977345101255124 1.8652170389831295 1.9618118785414742  1.0
1.567361091376596 0.977345101255124 1.8652170389831295 1.9618118785414742  0.0
0.1820733196552562 0.2572967334353089 1.7001264747986247 1.696327834499086  1.0
0.1820733196552562 0.2572967334353089 1.7001264747986247 1.696327834499086  0.0
1.6032587733861619 0.8621144626881156 0.662699588393789 0.8259877728120653  1.0
1.6032587733861619 0.8621144626881156 0.662699588393789 0.8259877728120653  0.0
0.18459806218385477 0.5647562401741963 1.61788480453379 1.2365919846843418  0.0
0.18459806218385477 0.5647562401741963 1.61788480453379 1.2365919846843418  0.0
0.8341879749150134 1.6691813743814186 0.7796868191982236 0.24829270320243157  0.0
0.8341879749150134 1.6691813743814186 0.7796868191982236 0.24829270320243157  1.0
1.926087832963666 1.656213091294026 1.3100996592134777 1.146513223955732  0.0
1.926087832963666 1.656213091294026 1.3100996592134777 1.146513223955732  0.0
0.5748133284658006 1.0843928970671162 1.470470175792384 1.9417662366944715  1.0
0.5748133284658006 1.0843928970671162 1.470470175792384 1.9417662366944715  0.0
1.925670623482491 1.705847981774038 1.7838505586155138 0.4131191813892927  0.0
1.925670623482491 1.705847981774038 1.7838505586155138 0.4131191813892927  0.0
0.36577745244329884 1.212272810025585 1.4500988308742753 1.7263843069125284  1.0
0.36577745244329884 1.212272810025585 1.4500988308742753 1.7263843069125284  0.0
0.3750702722808976 0.5437019402847891 0.6011912089925449 0.2169375453562803  1.0
0.3750702722808976 0.5437019402847891 0.6011912089925449 0.2169375453562803  0.0
0.11354955648173859 1.2728313739723238 1.8924132462492966 1.2883992205962467  0.0
0.11354955648173859 1.2728313739723238 1.8924132462492966 1.2883992205962467  0.0
1.7804696076332682 0.22022260937116345 0.3957985126929595 0.802237737649732  1.0
1.7804696076332682 0.22022260937116345 0.3957985126929595 0.802237737649732  1.0
1.2831307148398978 0.16080165345287667 0.7953883370918875 1.8196851668939196  1.0
1.2831307148398978 0.16080165345287667 0.7953883370918875 1.8196851668939196  0.0
1.8173859786650992 1.2496441992362006 1.4795879195421815 0.10618274303868347  0.0
1.8173859786650992 1.2496441992362006 1.4795879195421815 0.10618274303868347  0.0
1.5889278092571304 1.6251155633609238 0.2840984887884588 0.41990045135251597  0.0
1.5889278092571304 1.6251155633609238 0.2840984887884588 0.41990045135251597  0.0
1.0938717611703115 1.5400123314139935 0.35960664267770936 1.2797054341942047  0.0
1.0938717611703115 1.5400123314139935 0.35960664267770936 1.2797054341942047  0.0
0.12910922299769756 1.326431172517459 0.9216173385882691 0.6442800979192587  0.0
0.12910922299769756 1.326431172517459 0.9216173385882691 0.6442800979192587  0.0
1.017353117296316 1.517667261046979 0.4855178783072671 0.7329202525102763  1.0
1.017353117296316 1.517667261046979 0.4855178783072671 0.7329202525102763  0.0
0.4087542129707704 1.5305246822458685 1.5981647649023172 1.0798706219762244  1.0
0.4087542129707704 1.5305246822458685 1.5981647649023172 1.0798706219762244  0.0
1.460418418168857 1.453997424212769 0.04798840144962346 0.8378843016416062  0.0
1.460418418168857 1.453997424212769 0.04798840144962346 0.8378843016416062  0.0
1.1971089075430161 1.6953589258052182 0.0688128490874984 0.3330198279612955  0.0
1.1971089075430161 1.6953589258052182 0.0688128490874984 0.3330198279612955  0.0
0.4208697725371535 1.5022760688589507 0.14829185756357988 1.9215188483918593  1.0
0.4208697725371535 1.5022760688589507 0.14829185756357988 1.9215188483918593  1.0
1.6642612592624917 1.709641106261982 1.7100648469803452 1.3109337475213194  1.0
1.6642612592624917 1.709641106261982 1.7100648469803452 1.3109337475213194  0.0
0.37134947284270936 1.4523935863432558 1.1594404946537178 0.6815049748500133  1.0
0.37134947284270936 1.4523935863432558 1.1594404946537178 0.6815049748500133  1.0
1.7425471699538593 1.040682527633357 0.5656177280235426 0.18011364625661175  1.0
1.7425471699538593 1.040682527633357 0.5656177280235426 0.18011364625661175  0.0
0.4938541908447074 1.7112972441550804 1.5991575812525962 0.6579650767628922  1.0
0.4938541908447074 1.7112972441550804 1.5991575812525962 0.6579650767628922  1.0
1.1580009369675102 1.5493723365278187 1.2516225725692776 1.8844854385200762  1.0
1.1580009369675102 1.5493723365278187 1.2516225725692776 1.8844854385200762  0.0
0.49444949416457984 1.5169522928214285 0.33500321016450574 0.8937431324777225  1.0
0.49444949416457984 1.5169522928214285 0.33500321016450574 0.8937431324777225  0.0
1.0771619251182267 0.2300779546102576 0.7917541153595138 0.6060338273824695  1.0
1.0771619251182267 0.2300779546102576 0.7917541153595138 0.6060338273824695  0.0
0.1934969049350559 0.8936352386024227 1.4419660164925354 1.416096137797342  1.0
0.1934969049350559 0.8936352386024227 1.4419660164925354 1.416096137797342  0.0
